16 147
-5	3.72665E-06
-4.890738004	6.39714E-06
-4.567727288	2.94721E-05
-4.045084972	0.000279822
-3.345653032	0.003710098
-2.5	0.043936934
-1.545084972	0.303114764
-0.522642316	0.872338715
0.522642316	0.872338715
1.545084972	0.303114764
2.5	0.043936934
3.345653032	0.003710098
4.045084972	0.000279822
4.567727288	2.94721E-05
4.890738004	6.39714E-06
5	3.72665E-06



-4.9
-4.832876712
-4.765753425
-4.698630137
-4.631506849
-4.564383562
-4.497260274
-4.430136986
-4.363013699
-4.295890411
-4.228767123
-4.161643836
-4.094520548
-4.02739726
-3.960273973
-3.893150685
-3.826027397
-3.75890411
-3.691780822
-3.624657534
-3.557534247
-3.490410959
-3.423287671
-3.356164384
-3.289041096
-3.221917808
-3.154794521
-3.087671233
-3.020547945
-2.953424658
-2.88630137
-2.819178082
-2.752054795
-2.684931507
-2.617808219
-2.550684932
-2.483561644
-2.416438356
-2.349315068
-2.282191781
-2.215068493
-2.147945205
-2.080821918
-2.01369863
-1.946575342
-1.879452055
-1.812328767
-1.745205479
-1.678082192
-1.610958904
-1.543835616
-1.476712329
-1.409589041
-1.342465753
-1.275342466
-1.208219178
-1.14109589
-1.073972603
-1.006849315
-0.939726027
-0.87260274
-0.805479452
-0.738356164
-0.671232877
-0.604109589
-0.536986301
-0.469863014
-0.402739726
-0.335616438
-0.268493151
-2.01E-01
-0.134246575
-0.067123288
9.33E-15
6.71E-02
0.134246575
0.201369863
0.268493151
0.335616438
0.402739726
0.469863014
0.536986301
0.604109589
0.671232877
0.738356164
0.805479452
0.87260274
0.939726027
1.006849315
1.073972603
1.14109589
1.208219178
1.275342466
1.342465753
1.409589041
1.476712329
1.543835616
1.610958904
1.678082192
1.745205479
1.812328767
1.879452055
1.946575342
2.01369863
2.080821918
2.147945205
2.215068493
2.282191781
2.349315068
2.416438356
2.483561644
2.550684932
2.617808219
2.684931507
2.752054795
2.819178082
2.88630137
2.953424658
3.020547945
3.087671233
3.154794521
3.221917808
3.289041096
3.356164384
3.423287671
3.490410959
3.557534247
3.624657534
3.691780822
3.75890411
3.826027397
3.893150685
3.960273973
4.02739726
4.094520548
4.161643836
4.228767123
4.295890411
4.363013699
4.430136986
4.497260274
4.564383562
4.631506849
4.698630137
4.765753425
4.832876712
4.9
