-4.9
-4.827941176
-4.755882353
-4.683823529
-4.611764706
-4.539705882
-4.467647059
-4.395588235
-4.323529412
-4.251470588
-4.179411765
-4.107352941
-4.035294118
-3.963235294
-3.891176471
-3.819117647
-3.747058824
-3.675
-3.602941176
-3.530882353
-3.458823529
-3.386764706
-3.314705882
-3.242647059
-3.170588235
-3.098529412
-3.026470588
-2.954411765
-2.882352941
-2.810294118
-2.738235294
-2.666176471
-2.594117647
-2.522058824
-2.45
-2.377941176
-2.305882353
-2.233823529
-2.161764706
-2.089705882
-2.017647059
-1.945588235
-1.873529412
-1.801470588
-1.729411765
-1.657352941
-1.585294118
-1.513235294
-1.441176471
-1.369117647
-1.297058824
-1.225
-1.152941176
-1.080882353
-1.008823529
-0.936764706
-0.864705882
-0.792647059
-0.720588235
-0.648529412
-0.576470588
-0.504411765
-0.432352941
-0.360294118
-0.288235294
-0.216176471
-0.144117647
-0.072058824
6.57807E-15
0.072058824
0.144117647
0.216176471
0.288235294
0.360294118
0.432352941
0.504411765
0.576470588
0.648529412
0.720588235
0.792647059
0.864705882
0.936764706
1.008823529
1.080882353
1.152941176
1.225
1.297058824
1.369117647
1.441176471
1.513235294
1.585294118
1.657352941
1.729411765
1.801470588
1.873529412
1.945588235
2.017647059
2.089705882
2.161764706
2.233823529
2.305882353
2.377941176
2.45
2.522058824
2.594117647
2.666176471
2.738235294
2.810294118
2.882352941
2.954411765
3.026470588
3.098529412
3.170588235
3.242647059
3.314705882
3.386764706
3.458823529
3.530882353
3.602941176
3.675
3.747058824
3.819117647
3.891176471
3.963235294
4.035294118
4.107352941
4.179411765
4.251470588
4.323529412
4.395588235
4.467647059
4.539705882
4.611764706
4.683823529
4.755882353
4.827941176
4.9
